
function p = refmulti(x)

% %EXERGY
% p(1) = -1 *(1.30505 - 0.00196*x(1) - 0.02269*x(2) -0.01822*x(3)  -  54.4702*x(4) ...
% -0.17534* x(5)+ 0.000013*x(1)*x(2) -0.00014*x(1)*x(3) + 0.242762*x(1)*x(4) ...
% -0.00553*x(1)*x(5)+ 0.000844*x(2)*x(3)+ 0.037479*x(2)*x(4) -0.00457*x(2)*x(5) ...
% + 0.069825*x(3)*x(4) + 0.007771*x(3)*x(5) + 83.69256*x(4)*x(5) -0.00015* x(1)^2 ... 
% + 0.000134* x(2)^2-0.00416* x(3)^2 -933.441* x(4)^2 + 0.026413* x(5)^2);



% %COP
p(1) = -1*(11.2510148+ 0.1748424*x(1) - 0.1806749*x(2) - 0.1785577*x(3)  -  451.13928*x(4) ...
+ 0.0159876* x(5) - 0.0019207*x(1)*x(2) -0.0060388*x(1)*x(3) + 2.01250576*x(1)*x(4) ...
+ 0.03814893*x(1)*x(5)+0.00808689 *x(2)*x(3)+ 0.72165583*x(2)*x(4)-0.0373974*x(2)*x(5) ...
- 5.4701077*x(3)*x(4) + 0.06923469*x(3)*x(5) + 1139.20995*x(4)*x(5) + 0.00093077* x(1)^2 ... 
+ 0.00076069 * x(2)^2 - 0.0374291 * x(3)^2 -31748.087* x(4)^2 - 2.2749195* x(5)^2); 

%COST
p(2) = 758.1121- 21.192*x(1) + 23.62273*x(2) -70.6925*x(3)+ 74538.44*x(4) ...
-767.285* x(5) -0.02185*x(1)*x(2) +0.871542*x(1)*x(3) -2294.63*x(1)*x(4) ...
+ 17.5074*x(1)*x(5) -0.32668*x(2)*x(3)+ 636.1368*x(2)*x(4) -15.7879*x(2)*x(5) ...
+ 5741.959*x(3)*x(4) -102.616*x(3)*x(5) - 2.51*10^5*x(4)*x(5) + 0.035334* x(1)^2 ... 
- 0.0353* x(2)^2 + 15.6599* x(3)^2 + 1.30*10^7*x(4)^2 + 1973.79* x(5)^2; 



end 
