

% MRR
% SCW = Sio2 content; L = load; PS = plate speed; GC = GO content; LT = lapping time 
% MRR = -19.76 + 1.153*Current - 0.0434*POT + 1.342*Toff - 0.00019*Speed + 0.1610*voltage;
% Ra = 4.433 + 0.1442*Current + 0.01379*POT - 0.0392*Toff - 0.001696*Speed - 0.0050*Voltage;
% PC = 4.630 - 0.0700*Current - 0.00290*POT - 0.0750*Toff - 0.000725*Speed - 0.01750*Voltage;
% 
% MRR = -19.76 + 1.153*x(1) - 0.0434*x(2) + 1.342*x(3)  - 0.00019*x(4)  + 0.1610*x(5) ;
% Ra = 4.433 + 0.1442*x(1) + 0.01379*x(2)  - 0.0392*x(3)  - 0.001696*x(4)  - 0.0050*x(5) ;
% PC = 4.630 - 0.0700*x(1) - 0.00290*x(2) - 0.0750*x(3)  - 0.000725*x(4)  - 0.01750*x(5) ;
% 
% lb = [10 50 5 0 30];
% ub = [25 200 20 600 60];

function y = MEC_NEW1(x)

% SCW = x(1); L = x(2); PS = x(3); GC = x(4); LT = x(5); 

% % MRR = f1  (Maximize)
%  f1 = -1*(-11.3 + 0.36*x(1) + 0.78*x(2) - 0.661*x(3) + 0.0289*x(4) + 0.033*x(1)*x(2) + 0.154*x(1)*x(3) - 0.00240*x(2)*x(4));
% % RLT = f2 (Minimize)
f1 = -1*(-19.76 + 1.153*x(1) - 0.0434*x(2) + 1.342*x(3)  - 0.00019*x(4)  + 0.1610*x(5));
% % % % SR = f3 (Minimize)
f2 =  4.433 + 0.1442*x(1) + 0.01379*x(2)  - 0.0392*x(3)  - 0.001696*x(4)  - 0.0050*x(5);
% % TWR = f4 (Minimize)
f3 = 4.630 - 0.0700*x(1) - 0.00290*x(2) - 0.0750*x(3)  - 0.000725*x(4)  - 0.01750*x(5) ;

 y = [f1 f2 f3]';
end